% Constants
g = 9.81;
R = 287.15;
S = 70;
Ts = 288.15;
ps = 101325;
cd0 = 0.0233;
dTdH = -0.0065;
ftom = 0.3048;
k_cd = 0.033;
rhos = 1.225;
Dprop = 3.66;
kappa = 1.4;
nprop = 1020;
alpha0 = -2.32*pi/180;
alphat = 0*pi/180;
ktomps = 0.514444;
clalpha = 0.095;