AFs = 14.75;
A_f = 9;
A_t_eff = 7.88e-4;
A_wg_eff = 3.14e-4;
BSR_max = 1.1;
BSR_min = 0.15;
BSR_opt = 0.622;
F_r = 11772;
Hlhv = 42900000;
% J_genset = 2.5;
J_genset_phase = [5.6, 5.4, 5.7];
J_tc = 1.8695e-4;
J_tr1 = 0.2;
J_veh = 1.3140e+04;
P_ice_max = 205000;
Phi_opt = 0.059789874955499;
Psi_max = 1.637995455301953;
Q = [79.2671 0.7985 -1.4358];
R_a = 287;
R_c = 0.0328;
R_e = 286;
R_t = 0.0325;
T_amb = 298.4636;
T_amb_r = 298.8639;
T_c_b = 295.5297;
T_im = 292.0892;
V_D = 0.0067;
V_em = 0.0015;
V_is = 0.0143;
V_tot = 1;
cPice = [3.7461, 623.40, -21721, -3.2003, 1.8788e+03, -62537];
c_d = 0.6;
c_ds = 400;
c_eta_vol = [1.4393e-4 -0.0239 1.1339];
c_fr = [3.7591e-5 -0.0052 0.7196];
c_m = 2.0245;
c_mc_surge = [12.3530 0.6861];
c_t = [0.6859 2.3633];
c_tr = 30;
c_wg = [0.6666 5.3517];
cp_a = 1011;
cp_e = 1332;
cv_a = 724;
dot_m_c_corr_max = [0.041878098084042 0.341567743794913 0.191815189715466];
eta_c_max = 0.791464366803671;
eta_ig_isl = [0.6650 0.7090 0.4450];
eta_sc = 1.256268541438139;
eta_tm_max = 0.707486281034200;
g_a = 1.3964;
g_cyl = 1.35;
g_e = 1.2734;
gen2 = [2.1584e-06, -6.2603e-04, 1.0956, -1.5119e-06, 8.0325e-04, 0.8229, 360.3522];
h_tot = 44.6091;
i_f = 2.7;
i_t = [5.5857, 4.3982];
k_ds = 110000;
lambda_min = 1.2;
n_cyl = 6;
p_amb = 1.0111e+05;
p_c_b = 9.9510e+04;
p_es = 1.0587e+05;
r_c = 17.2;
r_w = 0.5715;
rho_air = 1.22;
u_max = [150; 1; 1.5e5];
u_min = [  0; 0;-1.5e5];
w_tc_corr_opt = 0.5106;
x_max = [265; 3.5e5; 4e5; 1.5e4; 265; 0.7854; 9.7210;  inf];
x_min = [82.15; 80500; 88000; 495; 0; -0.7854;     6; -inf];
xf_max = [115.4388; 350000; 400000; 15000; 265; 0.7854; 9.7210; 0];
xf_min = [115.4388; 80500; 88000; 495; 0; -0.7854; 9.7210; 0];
xi_max = [146.6076; 350000; 400000; 15000; 26.246952038240504; 0.7854; 9.7210; 0];
xi_min = [146.6076; 80500; 88000; 495; 26.246952038240504; -0.7854; 9.7210; 0];