AFs  = 14.7500;
A_t_eff = 7.8800e-04;
A_wg_eff = 3.1400e-04;
BSR_max = 1.1000;
BSR_min = 0.1500;
BSR_opt = 0.6220;
Hlhv = 42900000;
J_genset = 2.5000;
J_tc = 1.8695e-04;
P_ice_max = 205000;
Phi_opt = 0.0598;
Psi_max = 1.6380;
Q = [79.2671 0.7985 -1.4358];
R_a = 287;
R_c = 0.0328;
R_e = 286;
R_t = 0.0325;
T_amb = 298.4636;
T_amb_r = 298.8639;
T_c_b = 295.5297;
T_im = 292.0892;
V_D = 0.0067;
V_em = 0.0015;
V_is = 0.0143;
V_tot = 1;
cPice = [3.7461 623.4000 -21721 -3.2003 1.8788e+03 -62537];
c_eta_vol = [1.4393e-04 -0.0239 1.1339];
c_fr = [3.7591e-05 -0.0052 0.7196];
c_m = 2.0245;
c_mc_surge = [12.3530 0.6861];
c_t = [0.6859 2.3633];
c_wg = [0.6666 5.3517];
cp_a = 1011;
cp_e = 1332;
cv_a = 724;
dot_m_c_corr_max = [0.0419 0.3416 0.1918];
eta_c_max = 0.7915;
eta_ig_isl = [0.6650 0.7090 0.4450];
eta_sc = 1.2563;
eta_tm_max = 0.7075;
g_a = 1.3964; % gamma air
g_cyl = 1.3500;
g_e = 1.2734;
gen2 = [2.1584e-06 -6.2603e-04 1.0956 -1.5119e-06 8.0325e-04 0.8229 360.3522];
h_tot = 44.6091;
lambda_min = 1.2;
phi_max = 1/1.2; 
n_cyl = 6;
p_amb = 1.0111e+05;
p_c_b = 9.9510e+04;
p_es = 1.0587e+05;
r_c = 17.2000;
u_max = [150; 1; 300000];
u_min = [0; 0; 0];
w_tc_corr_opt = 0.5106;